2 6 150 10 96
1320. 660. 1320. 1320. 1320. 660. 1320. 1980. 1980. 1320. 1320. 660. 1320. 660. 660. 660. 1980. 660. 1320. 660. 660. 1980. 660. 1320. 1980. 1320. 660. 1320. 1320. 1320. 1980. 660. 1320. 1320. 1320. 1320. 1980. 660. 660. 1980. 1980. 660. 1980. 1320. 660. 660. 1320. 1980. 660. 660. 660. 1320. 660. 660. 1980. 1980. 1980. 660. 1320. 660. 1320. 1320. 1320. 1320. 660. 1320. 1980. 1980. 1320. 660. 1320. 1320. 660. 1320. 660. 1320. 1980. 1980. 660. 660. 1980. 660. 1320. 1980. 1320. 1320. 1980. 1320. 1980. 660. 1980. 1320. 1980. 1320. 660. 1980. 1980. 660. 1980. 1320. 1320. 1320. 660. 1320. 660. 1320. 660. 660. 660. 1320. 1320. 660. 1980. 660. 660. 1320. 1320. 1980. 1980. 1320. 660. 1320. 660. 660. 660. 1320. 660. 660. 1320. 660. 1320. 660. 1320. 660. 1980. 660. 1320. 660. 660. 1320. 1320. 1320. 1980. 1320. 1320. 660. 660. 1320. 660. 660. 
65. 91. 60. 61. 61. 70. 91. 61. 84. 90. 57. 89. 80. 89. 81. 75. 87. 84. 90. 86. 88. 85. 104. 77. 90. 99. 73. 103. 59. 80. 90. 82. 89. 75. 76. 83. 93. 117. 92. 45. 86. 97. 85. 85. 101. 57. 53. 127. 90. 78. 90. 78. 87. 71. 78. 94. 74. 65. 81. 93. 88. 90. 60. 96. 102. 76. 61. 102. 68. 78. 75. 68. 52. 83. 81. 76. 93. 95. 75. 105. 81. 116. 76. 88. 45. 58. 65. 66. 56. 101. 69. 110. 75. 80. 83. 82. 50. 75. 67. 68. 72. 86. 61. 92. 78. 79. 79. 78. 82. 78. 74. 75. 94. 61. 53. 86. 84. 74. 91. 62. 67. 70. 98. 114. 80. 60. 67. 71. 81. 69. 83. 83. 80. 76. 83. 70. 87. 83. 72. 98. 117. 84. 69. 70. 76. 79. 102. 83. 83. 62. 
0.000 86.000 88.000 133.000 168.000 171.000 84.000 127.000 124.000 149.000 125.000 96.000 140.000 98.000 123.000 126.000 145.000 124.000 43.000 129.000 178.000 108.000 126.000 146.000 83.000 165.000 142.000 40.000 144.000 98.000 123.000 104.000 146.000 126.000 126.000 125.000 84.000 139.000 124.000 147.000 129.000 126.000 125.000 84.000 166.000 147.000 143.000 98.000 133.000 84.000 42.000 85.000 131.000 150.000 90.000 84.000 85.000 164.000 186.000 90.000 126.000 127.000 131.000 104.000 43.000 134.000 128.000 127.000 142.000 87.000 142.000 155.000 159.000 44.000 102.000 128.000 89.000 130.000 168.000 132.000 188.000 45.000 131.000 144.000 104.000 98.000 91.000 129.000 169.000 134.000 131.000 146.000 154.000 131.000 145.000 167.000 142.000 139.000 126.000 142.000 150.000 155.000 93.000 49.000 91.000 127.000 152.000 156.000 90.000 92.000 134.000 104.000 130.000 150.000 135.000 135.000 159.000 142.000 52.000 137.000 144.000 94.000 142.000 97.000 97.000 178.000 96.000 139.000 96.000 96.000 182.000 127.000 140.000 135.000 95.000 141.000 89.000 159.000 94.000 148.000 150.000 97.000 145.000 146.000 135.000 101.000 125.000 103.000 135.000 124.000 
86.000 0.000 87.000 132.000 177.000 198.000 136.000 191.000 152.000 110.000 150.000 96.000 160.000 110.000 56.000 183.000 145.000 128.000 128.000 110.000 187.000 151.000 133.000 145.000 96.000 178.000 141.000 126.000 155.000 131.000 96.000 149.000 145.000 127.000 151.000 137.000 87.000 140.000 137.000 186.000 128.000 177.000 151.000 133.000 192.000 142.000 146.000 182.000 155.000 141.000 128.000 151.000 158.000 111.000 176.000 98.000 110.000 180.000 189.000 155.000 139.000 154.000 130.000 99.000 43.000 133.000 130.000 107.000 154.000 154.000 174.000 155.000 159.000 43.000 101.000 158.000 88.000 176.000 141.000 141.000 185.000 131.000 183.000 156.000 156.000 161.000 176.000 131.000 102.000 143.000 141.000 152.000 150.000 134.000 157.000 193.000 141.000 104.000 151.000 141.000 149.000 155.000 92.000 135.000 145.000 153.000 149.000 183.000 138.000 178.000 183.000 178.000 129.000 149.000 149.000 153.000 107.000 144.000 138.000 148.000 166.000 136.000 154.000 96.000 96.000 163.000 97.000 182.000 110.000 97.000 162.000 55.000 194.000 152.000 111.000 166.000 99.000 159.000 143.000 206.000 153.000 153.000 148.000 145.000 134.000 101.000 168.000 102.000 155.000 158.000 
88.000 87.000 0.000 45.000 132.000 147.000 122.000 168.000 133.000 149.000 123.000 129.000 120.000 86.000 126.000 116.000 86.000 82.000 46.000 80.000 141.000 141.000 122.000 135.000 86.000 131.000 141.000 128.000 80.000 85.000 126.000 117.000 82.000 40.000 124.000 123.000 41.000 141.000 127.000 134.000 41.000 90.000 132.000 134.000 173.000 132.000 100.000 169.000 86.000 82.000 124.000 134.000 132.000 177.000 174.000 87.000 88.000 93.000 147.000 129.000 129.000 157.000 43.000 160.000 130.000 134.000 43.000 130.000 130.000 90.000 87.000 134.000 89.000 44.000 102.000 96.000 89.000 89.000 132.000 131.000 131.000 133.000 155.000 132.000 134.000 131.000 89.000 86.000 135.000 92.000 129.000 153.000 87.000 88.000 127.000 174.000 89.000 145.000 129.000 134.000 116.000 170.000 93.000 134.000 129.000 157.000 131.000 143.000 90.000 135.000 155.000 132.000 130.000 141.000 138.000 140.000 134.000 139.000 140.000 140.000 137.000 135.000 115.000 97.000 97.000 133.000 155.000 95.000 143.000 98.000 126.000 130.000 151.000 100.000 100.000 136.000 100.000 91.000 116.000 146.000 187.000 144.000 143.000 58.000 83.000 130.000 94.000 103.000 133.000 154.000 
133.000 132.000 45.000 0.000 136.000 103.000 139.000 189.000 146.000 184.000 164.000 94.000 134.000 131.000 110.000 148.000 131.000 99.000 91.000 125.000 141.000 149.000 110.000 138.000 131.000 147.000 150.000 110.000 110.000 130.000 134.000 162.000 127.000 85.000 143.000 140.000 86.000 186.000 145.000 134.000 86.000 134.000 177.000 137.000 204.000 140.000 111.000 137.000 131.000 127.000 164.000 156.000 138.000 155.000 190.000 132.000 133.000 138.000 189.000 100.000 94.000 112.000 88.000 153.000 147.000 134.000 88.000 144.000 103.000 94.000 94.000 153.000 44.000 89.000 94.000 140.000 134.000 134.000 89.000 139.000 176.000 145.000 110.000 94.000 151.000 176.000 134.000 131.000 149.000 47.000 94.000 160.000 132.000 133.000 143.000 149.000 134.000 137.000 147.000 165.000 142.000 143.000 138.000 179.000 174.000 180.000 144.000 144.000 135.000 160.000 110.000 149.000 146.000 98.000 98.000 185.000 161.000 146.000 185.000 146.000 146.000 152.000 160.000 142.000 142.000 163.000 110.000 140.000 188.000 143.000 144.000 175.000 190.000 55.000 55.000 150.000 145.000 133.000 161.000 186.000 146.000 151.000 188.000 103.000 128.000 102.000 139.000 148.000 153.000 179.000 
168.000 177.000 132.000 136.000 0.000 114.000 88.000 133.000 128.000 161.000 175.000 136.000 111.000 136.000 125.000 129.000 176.000 128.000 125.000 131.000 174.000 98.000 134.000 89.000 85.000 95.000 135.000 142.000 132.000 89.000 125.000 142.000 158.000 92.000 146.000 128.000 133.000 189.000 91.000 137.000 173.000 136.000 92.000 85.000 133.000 88.000 133.000 85.000 138.000 134.000 127.000 91.000 92.000 128.000 137.000 107.000 130.000 168.000 181.000 142.000 42.000 85.000 171.000 111.000 189.000 128.000 151.000 129.000 133.000 136.000 133.000 100.000 137.000 134.000 101.000 44.000 89.000 136.000 92.000 170.000 131.000 142.000 45.000 90.000 147.000 157.000 171.000 46.000 107.000 89.000 136.000 139.000 139.000 107.000 149.000 107.000 136.000 140.000 92.000 133.000 94.000 139.000 137.000 134.000 93.000 128.000 151.000 147.000 92.000 95.000 50.000 97.000 114.000 140.000 56.000 136.000 149.000 144.000 149.000 154.000 102.000 145.000 160.000 166.000 109.000 145.000 145.000 144.000 143.000 146.000 147.000 150.000 99.000 100.000 172.000 151.000 184.000 136.000 155.000 189.000 57.000 107.000 145.000 150.000 179.000 150.000 175.000 115.000 127.000 128.000 
171.000 198.000 147.000 103.000 114.000 0.000 127.000 99.000 167.000 148.000 128.000 147.000 98.000 88.000 142.000 45.000 142.000 98.000 167.000 169.000 181.000 139.000 138.000 85.000 127.000 127.000 152.000 167.000 138.000 149.000 145.000 162.000 147.000 129.000 129.000 139.000 139.000 183.000 86.000 86.000 106.000 129.000 86.000 142.000 127.000 142.000 141.000 174.000 134.000 87.000 129.000 134.000 172.000 127.000 186.000 171.000 152.000 181.000 112.000 172.000 147.000 165.000 141.000 99.000 172.000 174.000 131.000 128.000 44.000 147.000 147.000 130.000 59.000 157.000 99.000 130.000 144.000 89.000 100.000 133.000 152.000 141.000 132.000 134.000 152.000 144.000 177.000 132.000 188.000 100.000 134.000 172.000 167.000 146.000 188.000 128.000 149.000 148.000 146.000 160.000 133.000 135.000 136.000 188.000 147.000 135.000 49.000 184.000 161.000 136.000 141.000 148.000 114.000 151.000 151.000 137.000 112.000 186.000 151.000 100.000 97.000 139.000 132.000 105.000 192.000 139.000 140.000 160.000 181.000 140.000 155.000 143.000 155.000 153.000 142.000 112.000 194.000 56.000 143.000 138.000 57.000 110.000 145.000 103.000 146.000 114.000 128.000 193.000 186.000 158.000 
84.000 136.000 122.000 139.000 88.000 127.000 0.000 127.000 40.000 152.000 125.000 126.000 138.000 136.000 80.000 82.000 137.000 40.000 80.000 86.000 137.000 146.000 80.000 89.000 40.000 86.000 98.000 124.000 139.000 89.000 80.000 134.000 143.000 100.000 126.000 41.000 81.000 138.000 81.000 123.000 145.000 96.000 41.000 84.000 82.000 132.000 140.000 47.000 126.000 84.000 42.000 85.000 130.000 86.000 128.000 84.000 42.000 80.000 143.000 86.000 83.000 43.000 83.000 99.000 127.000 86.000 128.000 84.000 123.000 86.000 118.000 85.000 170.000 98.000 101.000 44.000 125.000 96.000 125.000 98.000 146.000 129.000 127.000 90.000 88.000 136.000 91.000 86.000 126.000 130.000 98.000 132.000 145.000 128.000 133.000 83.000 98.000 88.000 83.000 95.000 131.000 90.000 49.000 96.000 89.000 90.000 89.000 130.000 99.000 92.000 134.000 90.000 94.000 142.000 134.000 92.000 131.000 99.000 136.000 94.000 134.000 93.000 145.000 121.000 94.000 94.000 96.000 99.000 98.000 95.000 139.000 97.000 99.000 95.000 84.000 94.000 142.000 97.000 141.000 148.000 145.000 141.000 105.000 140.000 91.000 144.000 125.000 149.000 59.000 40.000 
127.000 191.000 168.000 189.000 133.000 99.000 127.000 0.000 167.000 162.000 137.000 156.000 112.000 97.000 137.000 54.000 112.000 146.000 170.000 176.000 122.000 40.000 137.000 94.000 130.000 57.000 97.000 156.000 152.000 150.000 130.000 148.000 185.000 136.000 138.000 142.000 140.000 154.000 98.000 95.000 147.000 98.000 95.000 127.000 136.000 131.000 81.000 150.000 139.000 96.000 85.000 42.000 88.000 135.000 187.000 127.000 169.000 190.000 154.000 146.000 110.000 100.000 182.000 100.000 148.000 140.000 140.000 86.000 132.000 132.000 184.000 132.000 158.000 171.000 138.000 139.000 172.000 87.000 122.000 142.000 157.000 142.000 88.000 143.000 148.000 150.000 134.000 134.000 157.000 142.000 143.000 135.000 153.000 106.000 148.000 137.000 136.000 170.000 187.000 106.000 137.000 144.000 145.000 101.000 134.000 144.000 148.000 187.000 151.000 135.000 88.000 148.000 139.000 91.000 157.000 106.000 91.000 189.000 96.000 133.000 106.000 93.000 53.000 144.000 149.000 148.000 94.000 96.000 140.000 139.000 141.000 152.000 156.000 143.000 137.000 143.000 153.000 110.000 56.000 147.000 152.000 99.000 147.000 110.000 155.000 146.000 137.000 165.000 157.000 155.000 
124.000 152.000 133.000 146.000 128.000 167.000 40.000 167.000 0.000 130.000 165.000 166.000 98.000 133.000 96.000 122.000 133.000 80.000 120.000 98.000 177.000 152.000 120.000 129.000 80.000 126.000 138.000 146.000 138.000 129.000 120.000 98.000 174.000 138.000 89.000 81.000 121.000 145.000 121.000 141.000 133.000 136.000 81.000 103.000 122.000 152.000 137.000 87.000 89.000 124.000 82.000 125.000 152.000 126.000 136.000 124.000 82.000 40.000 183.000 46.000 123.000 83.000 123.000 139.000 158.000 126.000 90.000 124.000 163.000 126.000 134.000 125.000 141.000 138.000 141.000 84.000 140.000 136.000 96.000 138.000 178.000 91.000 146.000 130.000 128.000 144.000 131.000 126.000 142.000 170.000 138.000 172.000 183.000 136.000 145.000 123.000 104.000 48.000 123.000 135.000 138.000 130.000 89.000 136.000 49.000 97.000 129.000 170.000 96.000 98.000 146.000 130.000 99.000 147.000 153.000 132.000 137.000 139.000 150.000 134.000 150.000 99.000 177.000 152.000 134.000 134.000 136.000 139.000 138.000 102.000 151.000 137.000 98.000 91.000 124.000 134.000 102.000 137.000 154.000 145.000 153.000 155.000 145.000 154.000 131.000 177.000 165.000 176.000 99.000 80.000 
149.000 110.000 149.000 184.000 161.000 148.000 152.000 162.000 130.000 0.000 124.000 140.000 50.000 110.000 166.000 125.000 162.000 148.000 152.000 110.000 144.000 158.000 140.000 153.000 148.000 166.000 145.000 164.000 90.000 178.000 140.000 148.000 194.000 125.000 41.000 181.000 135.000 202.000 189.000 140.000 174.000 125.000 166.000 156.000 207.000 151.000 117.000 153.000 127.000 83.000 125.000 164.000 143.000 111.000 152.000 98.000 110.000 170.000 142.000 84.000 184.000 154.000 109.000 149.000 153.000 137.000 142.000 164.000 154.000 154.000 134.000 143.000 140.000 105.000 135.000 143.000 150.000 162.000 95.000 155.000 145.000 129.000 161.000 105.000 144.000 96.000 154.000 141.000 156.000 144.000 97.000 96.000 135.000 88.000 130.000 156.000 181.000 143.000 151.000 105.000 183.000 145.000 132.000 145.000 99.000 145.000 99.000 147.000 134.000 148.000 164.000 162.000 147.000 176.000 105.000 185.000 140.000 150.000 154.000 93.000 149.000 137.000 141.000 155.000 158.000 143.000 178.000 159.000 110.000 159.000 150.000 55.000 88.000 129.000 145.000 106.000 140.000 139.000 106.000 97.000 152.000 107.000 117.000 164.000 117.000 154.000 58.000 46.000 184.000 192.000 
125.000 150.000 123.000 164.000 175.000 128.000 125.000 137.000 165.000 124.000 0.000 160.000 134.000 40.000 170.000 83.000 124.000 136.000 168.000 123.000 134.000 108.000 96.000 123.000 149.000 96.000 56.000 165.000 123.000 171.000 130.000 130.000 167.000 83.000 83.000 142.000 156.000 180.000 108.000 124.000 126.000 83.000 124.000 125.000 165.000 132.000 141.000 172.000 169.000 41.000 83.000 126.000 172.000 151.000 138.000 125.000 150.000 133.000 157.000 126.000 149.000 139.000 133.000 168.000 108.000 99.000 83.000 166.000 84.000 130.000 127.000 143.000 173.000 139.000 167.000 132.000 141.000 129.000 128.000 85.000 141.000 93.000 142.000 86.000 143.000 174.000 129.000 129.000 144.000 133.000 87.000 141.000 130.000 130.000 170.000 166.000 139.000 176.000 180.000 137.000 159.000 135.000 90.000 174.000 132.000 160.000 159.000 137.000 133.000 133.000 156.000 150.000 156.000 108.000 176.000 137.000 159.000 140.000 164.000 108.000 135.000 93.000 84.000 109.000 178.000 176.000 54.000 140.000 150.000 137.000 183.000 95.000 130.000 109.000 178.000 149.000 155.000 139.000 180.000 139.000 185.000 145.000 97.000 141.000 98.000 166.000 82.000 145.000 142.000 165.000 
96.000 96.000 129.000 94.000 136.000 147.000 126.000 156.000 166.000 140.000 160.000 0.000 114.000 129.000 152.000 144.000 129.000 124.000 138.000 140.000 141.000 145.000 84.000 138.000 137.000 144.000 104.000 114.000 138.000 138.000 158.000 182.000 170.000 153.000 104.000 144.000 163.000 178.000 145.000 103.000 129.000 149.000 153.000 126.000 194.000 140.000 104.000 137.000 187.000 126.000 84.000 114.000 138.000 141.000 162.000 42.000 104.000 136.000 101.000 147.000 94.000 101.000 167.000 153.000 53.000 103.000 86.000 114.000 103.000 94.000 94.000 59.000 138.000 139.000 94.000 140.000 129.000 104.000 145.000 139.000 104.000 141.000 150.000 94.000 104.000 152.000 132.000 172.000 144.000 47.000 94.000 106.000 114.000 141.000 143.000 144.000 146.000 153.000 145.000 149.000 142.000 143.000 143.000 145.000 133.000 104.000 103.000 134.000 144.000 134.000 109.000 138.000 146.000 98.000 93.000 154.000 170.000 146.000 148.000 52.000 111.000 156.000 173.000 151.000 146.000 164.000 107.000 148.000 140.000 135.000 169.000 85.000 107.000 139.000 149.000 150.000 109.000 157.000 170.000 155.000 110.000 57.000 105.000 187.000 162.000 111.000 163.000 152.000 153.000 166.000 
140.000 160.000 120.000 134.000 111.000 98.000 138.000 112.000 98.000 50.000 134.000 114.000 0.000 94.000 130.000 131.000 112.000 98.000 138.000 97.000 94.000 127.000 138.000 143.000 98.000 131.000 130.000 114.000 40.000 128.000 90.000 98.000 144.000 80.000 91.000 131.000 139.000 190.000 139.000 90.000 139.000 90.000 137.000 106.000 161.000 137.000 86.000 143.000 143.000 94.000 98.000 114.000 128.000 161.000 143.000 106.000 112.000 138.000 143.000 134.000 141.000 130.000 141.000 99.000 152.000 87.000 128.000 114.000 138.000 112.000 84.000 131.000 90.000 145.000 99.000 98.000 132.000 112.000 45.000 135.000 152.000 98.000 156.000 140.000 94.000 46.000 147.000 91.000 106.000 94.000 47.000 146.000 114.000 94.000 93.000 106.000 136.000 93.000 146.000 95.000 147.000 186.000 96.000 95.000 49.000 112.000 49.000 97.000 94.000 98.000 114.000 112.000 97.000 141.000 55.000 139.000 145.000 100.000 146.000 100.000 99.000 112.000 138.000 105.000 108.000 93.000 152.000 168.000 160.000 147.000 100.000 105.000 98.000 153.000 95.000 56.000 96.000 89.000 56.000 142.000 102.000 57.000 105.000 114.000 138.000 147.000 108.000 96.000 143.000 158.000 
98.000 110.000 86.000 131.000 136.000 88.000 136.000 97.000 133.000 110.000 40.000 129.000 94.000 0.000 130.000 123.000 86.000 106.000 132.000 110.000 94.000 106.000 129.000 137.000 127.000 127.000 96.000 138.000 131.000 131.000 90.000 90.000 127.000 123.000 123.000 102.000 116.000 142.000 86.000 106.000 86.000 97.000 106.000 148.000 147.000 92.000 135.000 145.000 141.000 81.000 123.000 134.000 134.000 111.000 98.000 87.000 110.000 93.000 145.000 98.000 140.000 130.000 98.000 135.000 141.000 87.000 43.000 134.000 44.000 90.000 87.000 131.000 147.000 130.000 140.000 92.000 132.000 89.000 135.000 45.000 101.000 53.000 102.000 46.000 103.000 140.000 89.000 138.000 132.000 93.000 47.000 144.000 92.000 94.000 136.000 148.000 134.000 153.000 140.000 97.000 149.000 95.000 96.000 147.000 102.000 155.000 137.000 97.000 103.000 136.000 151.000 143.000 173.000 144.000 138.000 97.000 146.000 100.000 142.000 148.000 99.000 53.000 44.000 131.000 143.000 152.000 94.000 100.000 110.000 99.000 151.000 55.000 147.000 143.000 150.000 109.000 143.000 136.000 142.000 146.000 145.000 105.000 57.000 101.000 58.000 130.000 116.000 105.000 133.000 159.000 
123.000 56.000 126.000 110.000 125.000 142.000 80.000 137.000 96.000 166.000 170.000 152.000 130.000 130.000 0.000 134.000 143.000 99.000 80.000 86.000 142.000 102.000 139.000 94.000 40.000 122.000 134.000 110.000 110.000 152.000 40.000 106.000 102.000 126.000 150.000 81.000 121.000 145.000 81.000 130.000 143.000 130.000 121.000 86.000 158.000 86.000 111.000 126.000 99.000 164.000 122.000 95.000 132.000 136.000 174.000 148.000 122.000 136.000 163.000 133.000 83.000 123.000 142.000 43.000 99.000 91.000 169.000 51.000 123.000 101.000 151.000 135.000 130.000 99.000 138.000 124.000 129.000 136.000 85.000 85.000 129.000 129.000 127.000 132.000 147.000 137.000 143.000 86.000 46.000 130.000 131.000 179.000 94.000 103.000 133.000 148.000 104.000 48.000 147.000 147.000 138.000 170.000 129.000 132.000 89.000 97.000 93.000 141.000 98.000 131.000 136.000 137.000 99.000 134.000 97.000 97.000 51.000 99.000 95.000 144.000 110.000 80.000 150.000 81.000 53.000 139.000 135.000 149.000 139.000 102.000 106.000 111.000 138.000 154.000 55.000 136.000 147.000 107.000 87.000 163.000 97.000 108.000 143.000 113.000 171.000 157.000 170.000 156.000 99.000 102.000 
126.000 183.000 116.000 148.000 129.000 45.000 82.000 54.000 122.000 125.000 83.000 144.000 131.000 123.000 134.000 0.000 97.000 122.000 162.000 124.000 136.000 94.000 146.000 40.000 122.000 111.000 139.000 166.000 124.000 104.000 127.000 117.000 147.000 84.000 84.000 123.000 148.000 138.000 131.000 41.000 106.000 84.000 41.000 126.000 82.000 133.000 127.000 129.000 89.000 42.000 84.000 96.000 129.000 82.000 178.000 126.000 124.000 162.000 112.000 127.000 164.000 125.000 132.000 144.000 169.000 129.000 140.000 83.000 89.000 133.000 148.000 85.000 104.000 140.000 84.000 85.000 129.000 86.000 86.000 149.000 142.000 143.000 137.000 131.000 170.000 175.000 133.000 87.000 143.000 131.000 89.000 132.000 131.000 131.000 171.000 83.000 104.000 134.000 133.000 137.000 88.000 90.000 91.000 153.000 133.000 90.000 94.000 139.000 116.000 104.000 96.000 138.000 159.000 135.000 134.000 92.000 111.000 142.000 150.000 136.000 52.000 94.000 107.000 116.000 161.000 94.000 137.000 150.000 136.000 95.000 138.000 138.000 131.000 151.000 116.000 112.000 180.000 56.000 110.000 93.000 102.000 140.000 142.000 58.000 133.000 114.000 83.000 171.000 141.000 122.000 
145.000 145.000 86.000 131.000 176.000 142.000 137.000 112.000 133.000 162.000 124.000 129.000 112.000 86.000 143.000 97.000 0.000 162.000 132.000 165.000 150.000 143.000 129.000 137.000 164.000 82.000 122.000 185.000 131.000 131.000 131.000 146.000 127.000 125.000 125.000 156.000 127.000 193.000 123.000 56.000 86.000 41.000 96.000 143.000 137.000 88.000 127.000 142.000 172.000 83.000 125.000 146.000 102.000 102.000 158.000 87.000 149.000 93.000 146.000 162.000 135.000 125.000 129.000 100.000 102.000 144.000 43.000 175.000 130.000 146.000 87.000 100.000 102.000 130.000 181.000 176.000 174.000 101.000 86.000 101.000 45.000 139.000 131.000 132.000 149.000 150.000 89.000 132.000 158.000 134.000 130.000 102.000 148.000 147.000 136.000 138.000 134.000 134.000 190.000 147.000 143.000 98.000 132.000 101.000 161.000 145.000 148.000 179.000 151.000 173.000 150.000 139.000 140.000 92.000 138.000 107.000 158.000 139.000 152.000 97.000 149.000 109.000 94.000 145.000 176.000 149.000 146.000 140.000 156.000 150.000 141.000 130.000 152.000 182.000 172.000 157.000 153.000 102.000 56.000 108.000 143.000 169.000 143.000 114.000 144.000 44.000 124.000 152.000 100.000 159.000 
124.000 128.000 82.000 99.000 128.000 98.000 40.000 146.000 80.000 148.000 136.000 124.000 98.000 106.000 99.000 122.000 162.000 0.000 82.000 126.000 141.000 106.000 40.000 129.000 80.000 120.000 80.000 99.000 99.000 85.000 82.000 143.000 143.000 122.000 135.000 41.000 41.000 134.000 121.000 106.000 123.000 136.000 81.000 101.000 122.000 101.000 100.000 87.000 86.000 98.000 82.000 125.000 142.000 126.000 93.000 82.000 82.000 120.000 146.000 100.000 123.000 83.000 43.000 99.000 164.000 123.000 125.000 124.000 141.000 110.000 129.000 125.000 143.000 85.000 99.000 84.000 85.000 96.000 127.000 98.000 144.000 102.000 110.000 130.000 128.000 144.000 131.000 101.000 145.000 145.000 98.000 149.000 135.000 88.000 130.000 123.000 98.000 128.000 48.000 98.000 147.000 130.000 49.000 134.000 129.000 110.000 49.000 90.000 99.000 90.000 110.000 50.000 99.000 147.000 133.000 132.000 134.000 101.000 102.000 100.000 137.000 53.000 141.000 105.000 94.000 134.000 110.000 139.000 138.000 91.000 144.000 125.000 139.000 55.000 44.000 54.000 141.000 110.000 143.000 158.000 153.000 153.000 105.000 102.000 83.000 168.000 94.000 144.000 99.000 80.000 
43.000 128.000 46.000 91.000 125.000 167.000 80.000 170.000 120.000 152.000 168.000 138.000 138.000 132.000 80.000 162.000 132.000 82.000 0.000 86.000 141.000 141.000 122.000 127.000 40.000 122.000 146.000 83.000 126.000 85.000 80.000 134.000 128.000 86.000 135.000 121.000 41.000 182.000 81.000 170.000 87.000 136.000 121.000 126.000 162.000 132.000 100.000 126.000 132.000 127.000 85.000 128.000 88.000 135.000 128.000 127.000 42.000 139.000 143.000 133.000 83.000 123.000 89.000 123.000 86.000 166.000 89.000 84.000 123.000 44.000 129.000 165.000 135.000 85.000 135.000 124.000 129.000 135.000 125.000 89.000 145.000 88.000 127.000 138.000 88.000 136.000 134.000 86.000 126.000 91.000 135.000 135.000 133.000 88.000 130.000 163.000 133.000 128.000 83.000 174.000 162.000 170.000 129.000 92.000 89.000 146.000 131.000 143.000 133.000 131.000 175.000 132.000 134.000 142.000 139.000 172.000 131.000 99.000 95.000 94.000 137.000 120.000 141.000 121.000 133.000 139.000 135.000 141.000 98.000 139.000 139.000 97.000 138.000 137.000 126.000 98.000 132.000 137.000 137.000 191.000 177.000 140.000 185.000 104.000 99.000 144.000 140.000 144.000 139.000 120.000 
129.000 110.000 80.000 125.000 131.000 169.000 86.000 176.000 98.000 110.000 123.000 140.000 97.000 110.000 86.000 124.000 165.000 126.000 86.000 0.000 176.000 179.000 140.000 133.000 46.000 128.000 168.000 140.000 80.000 140.000 86.000 98.000 162.000 40.000 124.000 127.000 121.000 195.000 87.000 134.000 121.000 124.000 106.000 132.000 147.000 132.000 172.000 132.000 160.000 82.000 98.000 134.000 132.000 111.000 143.000 98.000 110.000 138.000 160.000 140.000 89.000 129.000 123.000 129.000 153.000 148.000 123.000 90.000 129.000 130.000 96.000 134.000 169.000 124.000 136.000 96.000 129.000 89.000 131.000 131.000 175.000 98.000 133.000 142.000 99.000 51.000 147.000 86.000 132.000 136.000 129.000 179.000 87.000 89.000 47.000 148.000 107.000 134.000 144.000 112.000 181.000 155.000 131.000 100.000 49.000 155.000 146.000 179.000 90.000 98.000 158.000 137.000 102.000 150.000 140.000 140.000 137.000 105.000 150.000 151.000 106.000 126.000 142.000 127.000 135.000 53.000 141.000 175.000 110.000 152.000 145.000 55.000 98.000 180.000 135.000 145.000 136.000 145.000 145.000 155.000 159.000 144.000 167.000 138.000 163.000 169.000 123.000 156.000 145.000 126.000 
178.000 187.000 141.000 141.000 174.000 181.000 137.000 122.000 177.000 144.000 134.000 141.000 94.000 94.000 142.000 136.000 150.000 141.000 141.000 176.000 0.000 82.000 147.000 157.000 159.000 150.000 130.000 146.000 134.000 144.000 127.000 87.000 181.000 136.000 136.000 168.000 100.000 193.000 166.000 96.000 158.000 109.000 96.000 96.000 137.000 174.000 41.000 96.000 181.000 94.000 136.000 129.000 83.000 130.000 186.000 178.000 145.000 187.000 142.000 146.000 139.000 130.000 151.000 139.000 166.000 87.000 137.000 171.000 138.000 127.000 141.000 131.000 127.000 144.000 141.000 181.000 132.000 141.000 82.000 132.000 145.000 146.000 158.000 140.000 145.000 140.000 96.000 128.000 96.000 94.000 47.000 130.000 141.000 94.000 136.000 138.000 131.000 130.000 157.000 144.000 109.000 145.000 96.000 145.000 136.000 139.000 143.000 97.000 96.000 137.000 130.000 147.000 106.000 58.000 145.000 45.000 133.000 100.000 138.000 93.000 99.000 135.000 98.000 111.000 140.000 149.000 112.000 183.000 182.000 150.000 137.000 149.000 148.000 167.000 97.000 150.000 143.000 126.000 150.000 144.000 139.000 151.000 151.000 146.000 138.000 141.000 100.000 180.000 138.000 177.000 
108.000 151.000 141.000 149.000 98.000 139.000 146.000 40.000 152.000 158.000 108.000 145.000 127.000 106.000 102.000 94.000 143.000 106.000 141.000 179.000 82.000 0.000 146.000 104.000 133.000 97.000 137.000 148.000 152.000 144.000 93.000 108.000 158.000 174.000 145.000 134.000 100.000 194.000 108.000 106.000 151.000 102.000 106.000 98.000 147.000 141.000 41.000 159.000 99.000 136.000 108.000 82.000 83.000 130.000 147.000 150.000 145.000 192.000 142.000 106.000 140.000 140.000 142.000 108.000 108.000 142.000 149.000 126.000 150.000 127.000 149.000 98.000 127.000 144.000 148.000 142.000 140.000 127.000 82.000 138.000 145.000 102.000 98.000 149.000 108.000 150.000 157.000 128.000 148.000 102.000 129.000 130.000 150.000 103.000 145.000 148.000 131.000 130.000 150.000 146.000 102.000 155.000 155.000 141.000 151.000 141.000 144.000 179.000 152.000 152.000 48.000 108.000 99.000 51.000 149.000 127.000 51.000 182.000 56.000 93.000 100.000 53.000 93.000 104.000 109.000 153.000 54.000 136.000 100.000 160.000 137.000 155.000 148.000 103.000 97.000 109.000 162.000 107.000 96.000 158.000 139.000 105.000 153.000 150.000 158.000 141.000 100.000 180.000 152.000 167.000 
126.000 133.000 122.000 110.000 134.000 138.000 80.000 137.000 120.000 140.000 96.000 84.000 138.000 129.000 139.000 146.000 129.000 40.000 122.000 140.000 147.000 146.000 0.000 134.000 120.000 80.000 40.000 139.000 139.000 108.000 122.000 148.000 148.000 134.000 143.000 81.000 81.000 94.000 100.000 146.000 129.000 121.000 105.000 90.000 146.000 105.000 140.000 105.000 126.000 126.000 84.000 127.000 134.000 141.000 133.000 42.000 122.000 136.000 141.000 100.000 133.000 112.000 83.000 133.000 137.000 83.000 86.000 159.000 142.000 150.000 130.000 127.000 154.000 90.000 90.000 124.000 45.000 136.000 134.000 105.000 144.000 142.000 110.000 151.000 144.000 137.000 132.000 88.000 128.000 131.000 100.000 174.000 152.000 128.000 170.000 144.000 138.000 105.000 88.000 138.000 138.000 154.000 89.000 145.000 99.000 133.000 89.000 50.000 95.000 50.000 110.000 54.000 86.000 134.000 93.000 141.000 161.000 141.000 106.000 92.000 102.000 93.000 173.000 93.000 134.000 155.000 110.000 152.000 99.000 51.000 104.000 85.000 147.000 55.000 84.000 94.000 139.000 150.000 177.000 189.000 143.000 141.000 145.000 142.000 98.000 173.000 134.000 149.000 113.000 120.000 
146.000 145.000 135.000 138.000 89.000 85.000 89.000 94.000 129.000 153.000 123.000 138.000 143.000 137.000 94.000 40.000 137.000 129.000 127.000 133.000 157.000 104.000 134.000 0.000 87.000 128.000 168.000 157.000 141.000 90.000 87.000 143.000 142.000 101.000 124.000 128.000 134.000 178.000 128.000 81.000 146.000 124.000 81.000 106.000 122.000 137.000 131.000 136.000 49.000 82.000 124.000 87.000 89.000 42.000 138.000 141.000 131.000 169.000 145.000 92.000 128.000 85.000 92.000 137.000 158.000 128.000 178.000 43.000 129.000 93.000 134.000 106.000 144.000 102.000 44.000 45.000 89.000 126.000 126.000 132.000 180.000 137.000 97.000 91.000 148.000 180.000 173.000 127.000 140.000 91.000 129.000 136.000 138.000 91.000 133.000 123.000 137.000 138.000 93.000 97.000 48.000 102.000 131.000 139.000 94.000 89.000 94.000 148.000 139.000 143.000 56.000 144.000 130.000 99.000 142.000 132.000 97.000 146.000 140.000 141.000 92.000 127.000 144.000 128.000 147.000 134.000 153.000 141.000 96.000 135.000 98.000 98.000 100.000 111.000 149.000 145.000 148.000 96.000 150.000 133.000 142.000 100.000 148.000 98.000 132.000 100.000 123.000 150.000 146.000 129.000 
83.000 96.000 86.000 131.000 85.000 127.000 40.000 130.000 80.000 148.000 149.000 137.000 98.000 127.000 40.000 122.000 164.000 80.000 40.000 46.000 159.000 133.000 120.000 87.000 0.000 82.000 122.000 123.000 126.000 125.000 40.000 98.000 142.000 86.000 145.000 81.000 81.000 178.000 41.000 130.000 127.000 123.000 81.000 86.000 122.000 92.000 126.000 86.000 136.000 124.000 82.000 88.000 92.000 126.000 143.000 124.000 82.000 120.000 182.000 126.000 43.000 83.000 123.000 83.000 126.000 126.000 129.000 44.000 83.000 84.000 111.000 125.000 130.000 125.000 131.000 84.000 89.000 128.000 85.000 85.000 135.000 98.000 87.000 130.000 128.000 97.000 131.000 46.000 86.000 90.000 112.000 139.000 132.000 128.000 93.000 123.000 138.000 88.000 123.000 134.000 135.000 130.000 89.000 132.000 49.000 129.000 129.000 153.000 93.000 91.000 135.000 97.000 130.000 134.000 137.000 132.000 91.000 59.000 135.000 134.000 143.000 80.000 171.000 81.000 93.000 99.000 95.000 139.000 138.000 135.000 99.000 101.000 98.000 135.000 95.000 134.000 172.000 129.000 127.000 155.000 137.000 101.000 145.000 139.000 131.000 150.000 165.000 184.000 99.000 80.000 
165.000 178.000 131.000 147.000 95.000 127.000 86.000 57.000 126.000 166.000 96.000 144.000 131.000 127.000 122.000 111.000 82.000 120.000 122.000 128.000 150.000 97.000 80.000 128.000 82.000 0.000 40.000 153.000 157.000 175.000 122.000 180.000 131.000 125.000 125.000 86.000 156.000 174.000 41.000 129.000 90.000 41.000 96.000 96.000 137.000 130.000 127.000 96.000 177.000 83.000 125.000 99.000 133.000 86.000 188.000 122.000 128.000 166.000 141.000 145.000 53.000 43.000 138.000 139.000 149.000 83.000 125.000 126.000 83.000 147.000 147.000 85.000 131.000 138.000 147.000 130.000 125.000 128.000 86.000 143.000 127.000 153.000 87.000 143.000 144.000 145.000 144.000 128.000 128.000 100.000 123.000 132.000 172.000 147.000 175.000 138.000 138.000 134.000 145.000 138.000 136.000 145.000 89.000 145.000 131.000 139.000 143.000 130.000 103.000 91.000 135.000 134.000 94.000 92.000 147.000 147.000 148.000 141.000 153.000 92.000 137.000 149.000 94.000 93.000 139.000 149.000 95.000 144.000 140.000 131.000 141.000 142.000 147.000 100.000 164.000 147.000 139.000 130.000 113.000 181.000 143.000 156.000 145.000 151.000 98.000 126.000 124.000 182.000 100.000 126.000 
142.000 141.000 141.000 150.000 135.000 152.000 98.000 97.000 138.000 145.000 56.000 104.000 130.000 96.000 134.000 139.000 122.000 80.000 146.000 168.000 130.000 137.000 40.000 168.000 122.000 40.000 0.000 148.000 153.000 146.000 94.000 146.000 171.000 139.000 104.000 121.000 116.000 134.000 81.000 131.000 130.000 81.000 136.000 130.000 177.000 145.000 104.000 136.000 141.000 97.000 124.000 139.000 146.000 126.000 173.000 82.000 104.000 176.000 101.000 140.000 93.000 83.000 98.000 153.000 155.000 43.000 126.000 138.000 123.000 148.000 150.000 87.000 171.000 98.000 130.000 142.000 85.000 132.000 126.000 139.000 104.000 149.000 127.000 142.000 104.000 152.000 116.000 128.000 88.000 130.000 83.000 134.000 136.000 130.000 172.000 178.000 98.000 145.000 128.000 98.000 145.000 183.000 49.000 149.000 139.000 104.000 103.000 90.000 99.000 90.000 137.000 94.000 106.000 106.000 133.000 139.000 182.000 101.000 146.000 52.000 135.000 133.000 134.000 53.000 144.000 152.000 110.000 159.000 139.000 91.000 144.000 125.000 107.000 95.000 124.000 134.000 99.000 157.000 153.000 160.000 163.000 153.000 105.000 111.000 58.000 166.000 117.000 157.000 102.000 138.000 
40.000 126.000 128.000 110.000 142.000 167.000 124.000 156.000 146.000 164.000 165.000 114.000 114.000 138.000 110.000 166.000 185.000 99.000 83.000 140.000 146.000 148.000 139.000 157.000 123.000 153.000 148.000 0.000 104.000 138.000 150.000 143.000 144.000 100.000 143.000 140.000 124.000 179.000 164.000 152.000 169.000 166.000 152.000 124.000 193.000 162.000 111.000 138.000 143.000 124.000 82.000 114.000 153.000 186.000 130.000 124.000 125.000 186.000 197.000 100.000 100.000 143.000 142.000 144.000 83.000 105.000 168.000 114.000 182.000 127.000 148.000 149.000 154.000 84.000 142.000 156.000 100.000 149.000 152.000 161.000 205.000 85.000 160.000 184.000 144.000 138.000 131.000 143.000 150.000 147.000 145.000 186.000 114.000 161.000 185.000 194.000 149.000 158.000 147.000 149.000 166.000 195.000 100.000 89.000 131.000 167.000 148.000 155.000 50.000 132.000 114.000 144.000 141.000 189.000 148.000 101.000 161.000 152.000 92.000 163.000 166.000 134.000 154.000 137.000 95.000 157.000 136.000 168.000 136.000 136.000 169.000 167.000 114.000 145.000 55.000 153.000 49.000 166.000 134.000 188.000 110.000 57.000 105.000 108.000 142.000 141.000 164.000 143.000 164.000 164.000 
144.000 155.000 80.000 110.000 132.000 138.000 139.000 152.000 138.000 90.000 123.000 138.000 40.000 131.000 110.000 124.000 131.000 99.000 126.000 80.000 134.000 152.000 139.000 141.000 126.000 157.000 153.000 104.000 0.000 88.000 130.000 138.000 148.000 40.000 124.000 140.000 121.000 203.000 167.000 130.000 121.000 124.000 106.000 146.000 147.000 132.000 111.000 103.000 103.000 82.000 124.000 134.000 132.000 179.000 149.000 132.000 152.000 138.000 103.000 104.000 104.000 147.000 123.000 139.000 112.000 112.000 88.000 154.000 134.000 138.000 44.000 134.000 130.000 112.000 138.000 96.000 104.000 89.000 85.000 134.000 175.000 104.000 175.000 138.000 134.000 86.000 134.000 86.000 135.000 91.000 87.000 164.000 87.000 134.000 93.000 146.000 96.000 133.000 144.000 55.000 170.000 155.000 104.000 104.000 89.000 152.000 89.000 137.000 54.000 135.000 154.000 137.000 137.000 142.000 95.000 105.000 151.000 96.000 152.000 140.000 106.000 152.000 108.000 145.000 99.000 53.000 166.000 161.000 158.000 160.000 140.000 135.000 138.000 149.000 55.000 96.000 56.000 129.000 96.000 180.000 142.000 97.000 145.000 112.000 146.000 170.000 123.000 114.000 103.000 179.000 
98.000 131.000 85.000 130.000 89.000 149.000 89.000 150.000 129.000 178.000 171.000 138.000 128.000 131.000 152.000 104.000 131.000 85.000 85.000 140.000 144.000 144.000 108.000 90.000 125.000 175.000 146.000 138.000 88.000 0.000 162.000 96.000 137.000 101.000 138.000 126.000 44.000 185.000 154.000 145.000 96.000 145.000 130.000 154.000 171.000 96.000 103.000 98.000 139.000 143.000 131.000 142.000 96.000 132.000 138.000 132.000 127.000 138.000 191.000 149.000 131.000 132.000 128.000 138.000 141.000 108.000 88.000 133.000 147.000 129.000 44.000 104.000 174.000 88.000 102.000 45.000 133.000 149.000 144.000 141.000 139.000 143.000 134.000 91.000 146.000 98.000 134.000 135.000 153.000 91.000 104.000 143.000 138.000 91.000 93.000 172.000 48.000 104.000 93.000 143.000 138.000 140.000 97.000 49.000 94.000 153.000 134.000 58.000 99.000 104.000 104.000 135.000 144.000 142.000 142.000 138.000 111.000 96.000 148.000 155.000 52.000 138.000 144.000 141.000 141.000 102.000 185.000 145.000 183.000 142.000 103.000 175.000 100.000 140.000 129.000 139.000 101.000 146.000 94.000 153.000 146.000 157.000 153.000 143.000 102.000 154.000 161.000 147.000 103.000 129.000 
123.000 96.000 126.000 134.000 125.000 145.000 80.000 130.000 120.000 140.000 130.000 158.000 90.000 90.000 40.000 127.000 131.000 82.000 80.000 86.000 127.000 93.000 122.000 87.000 40.000 122.000 94.000 150.000 130.000 162.000 0.000 90.000 142.000 126.000 136.000 41.000 121.000 142.000 81.000 90.000 139.000 90.000 93.000 126.000 134.000 126.000 86.000 101.000 136.000 132.000 122.000 88.000 128.000 127.000 134.000 164.000 122.000 160.000 145.000 93.000 83.000 84.000 125.000 83.000 139.000 118.000 133.000 44.000 123.000 90.000 118.000 126.000 90.000 94.000 131.000 124.000 129.000 96.000 45.000 45.000 101.000 89.000 127.000 136.000 168.000 136.000 103.000 86.000 86.000 130.000 137.000 173.000 92.000 139.000 133.000 135.000 138.000 88.000 130.000 149.000 135.000 142.000 129.000 150.000 89.000 137.000 97.000 153.000 133.000 131.000 141.000 118.000 94.000 94.000 137.000 132.000 91.000 99.000 135.000 138.000 150.000 40.000 134.000 41.000 93.000 139.000 135.000 142.000 178.000 99.000 99.000 141.000 138.000 137.000 95.000 96.000 149.000 89.000 127.000 142.000 102.000 101.000 147.000 99.000 148.000 147.000 145.000 153.000 59.000 120.000 
104.000 149.000 117.000 162.000 142.000 162.000 134.000 148.000 98.000 148.000 130.000 182.000 98.000 90.000 106.000 117.000 146.000 143.000 134.000 98.000 87.000 108.000 148.000 143.000 98.000 180.000 146.000 143.000 138.000 96.000 90.000 0.000 102.000 138.000 113.000 102.000 140.000 142.000 139.000 93.000 96.000 145.000 93.000 93.000 134.000 96.000 128.000 93.000 186.000 140.000 98.000 141.000 96.000 143.000 143.000 140.000 134.000 138.000 173.000 143.000 136.000 145.000 160.000 104.000 147.000 138.000 133.000 134.000 134.000 90.000 100.000 137.000 180.000 106.000 155.000 98.000 138.000 138.000 135.000 45.000 101.000 98.000 139.000 136.000 104.000 144.000 93.000 139.000 93.000 137.000 134.000 143.000 92.000 139.000 145.000 135.000 48.000 104.000 146.000 141.000 117.000 142.000 97.000 142.000 49.000 136.000 147.000 154.000 93.000 98.000 143.000 104.000 155.000 145.000 106.000 42.000 157.000 149.000 52.000 153.000 100.000 130.000 95.000 117.000 53.000 102.000 152.000 150.000 96.000 99.000 103.000 145.000 98.000 188.000 117.000 146.000 162.000 117.000 117.000 57.000 158.000 149.000 147.000 59.000 139.000 154.000 181.000 165.000 135.000 163.000 
146.000 145.000 82.000 127.000 158.000 147.000 143.000 185.000 174.000 194.000 167.000 170.000 144.000 127.000 102.000 147.000 127.000 143.000 128.000 162.000 181.000 158.000 148.000 142.000 142.000 131.000 171.000 144.000 148.000 137.000 142.000 102.000 0.000 122.000 174.000 102.000 123.000 153.000 172.000 144.000 41.000 90.000 145.000 153.000 186.000 137.000 140.000 187.000 168.000 132.000 170.000 143.000 137.000 184.000 189.000 128.000 170.000 134.000 147.000 144.000 144.000 145.000 125.000 145.000 188.000 148.000 84.000 99.000 171.000 149.000 128.000 187.000 144.000 102.000 160.000 178.000 144.000 147.000 99.000 147.000 172.000 144.000 180.000 149.000 154.000 190.000 130.000 145.000 148.000 153.000 148.000 184.000 169.000 153.000 177.000 153.000 89.000 145.000 191.000 187.000 190.000 194.000 138.000 144.000 151.000 194.000 192.000 98.000 94.000 193.000 193.000 154.000 185.000 141.000 102.000 144.000 147.000 180.000 102.000 192.000 141.000 180.000 143.000 155.000 49.000 143.000 195.000 95.000 146.000 156.000 44.000 171.000 200.000 182.000 157.000 147.000 158.000 91.000 183.000 159.000 156.000 156.000 184.000 140.000 165.000 149.000 173.000 161.000 149.000 154.000 
